10 10
0.71111308 0.99513827 0.33744788 0.48267389 0.2709521 0.91421467 0.58600078 0.97445554 0.58469219 0.49942325
0.03348743 0.91871817 0.69949897 0.40676261 0.69395338 0.75052684 0.4657205 0.88731579 0.02423267 0.07798918
0.15196788 0.75302658 0.56091447 0.95411522 0.90698781 0.0298476 0.12138946 0.99462715 0.38097871 0.86208703
0.61227108 0.33954775 0.32475184 0.01284882 0.2563736 0.85754969 0.30967467 0.70805907 0.08005836 0.10389684
0.16401968 0.59779241 0.08279609 0.57189928 0.95214672 0.87518601 0.31115634 0.45584618 0.80109017 0.14842445
0.05553886 0.22878895 0.16720434 0.22751804 0.24919781 0.33878421 0.04394371 0.29341198 0.527852 0.01711251
0.62865874 0.42520549 0.90967167 0.39005823 0.75108025 0.62233056 0.95662621 0.77998979 0.28961145 0.4188482 
0.98971085 0.84311633 0.31357569 0.39161989 0.3153626 0.27097325 0.20951383 0.85585453 0.42721847 0.45962914
0.13313657 0.88815843 0.78873315 0.33080419 0.55513673 0.39819199 0.47436484 0.00957443 0.52490006 0.78846302
0.66828538 0.32189106 0.05685315 0.3057047 0.54093255 0.09293052 0.92199744 0.29407939 0.15224581 0.09785627